#
#       i          Prior Sigma          Post Sigma       Unc. Red. [%]
#
        1         0.100000E+00        0.321458E-01            67.85419
        2         0.100000E+00        0.334809E-01            66.51914
        3         0.500000E+01        0.158179E+01            68.36418
        4         0.200000E+01        0.119310E+01            40.34488
        5         0.200000E+00        0.186624E+00             6.68810
        6         0.500000E+01        0.129083E+01            74.18348
        7         0.200000E+01        0.987020E+00            50.64900
        8         0.200000E+00        0.134796E+00            32.60203
        9         0.500000E+01        0.135959E+01            72.80822
       10         0.200000E+01        0.987058E+00            50.64709
       11         0.200000E+00        0.157533E+00            21.23360
       12         0.500000E+01        0.137634E+01            72.47325
       13         0.200000E+01        0.984095E+00            50.79525
       14         0.200000E+00        0.176206E+00            11.89717
       15         0.500000E+01        0.134577E+01            73.08454
       16         0.200000E+01        0.974925E+00            51.25375
       17         0.200000E+00        0.158705E+00            20.64773
       18         0.500000E+01        0.125914E+01            74.81716
       19         0.200000E+01        0.949371E+00            52.53147
       20         0.200000E+00        0.145044E+00            27.47782
       21         0.500000E+01        0.108666E+01            78.26675
       22         0.200000E+01        0.876740E+00            56.16301
       23         0.200000E+00        0.125036E+00            37.48184
       24         0.500000E+01        0.120342E+01            75.93159
       25         0.200000E+01        0.944044E+00            52.79778
       26         0.200000E+00        0.156437E+00            21.78163
       27         0.500000E+01        0.120149E+01            75.97023
       28         0.200000E+01        0.943687E+00            52.81563
       29         0.200000E+00        0.156277E+00            21.86169
       30         0.500000E+01        0.107988E+01            78.40236
       31         0.200000E+01        0.875177E+00            56.24114
       32         0.200000E+00        0.123455E+00            38.27242
       33         0.500000E+01        0.123339E+01            75.33220
       34         0.200000E+01        0.946001E+00            52.69996
       35         0.200000E+00        0.143782E+00            28.10895
       36         0.500000E+01        0.129415E+01            74.11704
       37         0.200000E+01        0.967594E+00            51.62031
       38         0.200000E+00        0.146710E+00            26.64522
       39         0.500000E+01        0.128517E+01            74.29657
       40         0.200000E+01        0.966333E+00            51.68335
       41         0.200000E+00        0.158693E+00            20.65340
       42         0.500000E+01        0.120335E+01            75.93302
       43         0.200000E+01        0.940750E+00            52.96248
       44         0.200000E+00        0.155503E+00            22.24849
       45         0.500000E+01        0.101541E+01            79.69174
       46         0.200000E+01        0.859090E+00            57.04549
       47         0.200000E+00        0.116866E+00            41.56703
       48         0.500000E+01        0.103703E+01            79.25946
       49         0.200000E+01        0.921329E+00            53.93356
       50         0.200000E+00        0.142648E+00            28.67577
       51         0.500000E+01        0.866059E+00            82.67882
       52         0.200000E+01        0.907223E+00            54.63887
       53         0.200000E+00        0.140713E+00            29.64352
       54         0.500000E+01        0.488138E-01            99.02372
       55         0.200000E+01        0.795769E+00            60.21155
       56         0.200000E+00        0.851206E-01            57.43971
       57         0.500000E+01        0.896674E+00            82.06653
       58         0.200000E+01        0.918993E+00            54.05034
       59         0.200000E+00        0.152820E+00            23.58996
       60         0.500000E+01        0.114042E+01            77.19153
       61         0.200000E+01        0.960218E+00            51.98910
       62         0.200000E+00        0.158841E+00            20.57939
       63         0.500000E+01        0.125389E+01            74.92212
       64         0.200000E+01        0.973638E+00            51.31808
       65         0.200000E+00        0.148230E+00            25.88511
       66         0.500000E+01        0.128957E+01            74.20868
       67         0.200000E+01        0.974671E+00            51.26647
       68         0.200000E+00        0.159080E+00            20.46000
       69         0.500000E+01        0.125993E+01            74.80144
       70         0.200000E+01        0.964462E+00            51.77688
       71         0.200000E+00        0.176193E+00            11.90334
       72         0.500000E+01        0.115471E+01            76.90580
       73         0.200000E+01        0.931426E+00            53.42868
       74         0.200000E+00        0.156621E+00            21.68952
       75         0.500000E+01        0.927218E+00            81.45564
       76         0.200000E+01        0.833989E+00            58.30055
       77         0.200000E+00        0.126347E+00            36.82651
       78         0.500000E+01        0.773469E+00            84.53063
       79         0.200000E+01        0.791175E+00            60.44126
       80         0.200000E+00        0.119006E+00            40.49704
       81         0.500000E+01        0.492099E-01            99.01580
       82         0.200000E+01        0.722971E+00            63.85146
       83         0.200000E+00        0.828713E-01            58.56433
       84         0.500000E+01        0.761727E+00            84.76546
       85         0.200000E+01        0.766927E+00            61.65367
       86         0.200000E+00        0.103839E+00            48.08054
       87         0.500000E+01        0.100773E+01            79.84540
       88         0.200000E+01        0.904769E+00            54.76153
       89         0.200000E+00        0.154468E+00            22.76617
       90         0.500000E+01        0.103375E+01            79.32508
       91         0.200000E+01        0.936980E+00            53.15102
       92         0.200000E+00        0.176075E+00            11.96265
       93         0.500000E+01        0.864953E+00            82.70094
       94         0.200000E+01        0.910592E+00            54.47042
       95         0.200000E+00        0.152328E+00            23.83576
       96         0.500000E+01        0.476204E-01            99.04759
       97         0.200000E+01        0.787747E+00            60.61266
       98         0.200000E+00        0.755184E-01            62.24081
       99         0.500000E+01        0.762062E+00            84.75876
      100         0.200000E+01        0.777354E+00            61.13229
      101         0.200000E+00        0.110907E+00            44.54644
      102         0.500000E+01        0.903353E+00            81.93294
      103         0.200000E+01        0.836364E+00            58.18179
      104         0.200000E+00        0.122580E+00            38.71018
      105         0.500000E+01        0.940391E+00            81.19218
      106         0.200000E+01        0.851749E+00            57.41257
      107         0.200000E+00        0.116083E+00            41.95836
      108         0.500000E+01        0.100706E+01            79.85873
      109         0.200000E+01        0.924833E+00            53.75836
      110         0.200000E+00        0.155572E+00            22.21423
      111         0.500000E+01        0.857431E+00            82.85138
      112         0.200000E+01        0.923694E+00            53.81531
      113         0.200000E+00        0.175375E+00            12.31226
      114         0.500000E+01        0.477855E-01            99.04429
      115         0.200000E+01        0.846713E+00            57.66437
      116         0.200000E+00        0.826536E-01            58.67321
      117         0.500000E+01        0.828294E+00            83.43411
      118         0.200000E+01        0.898215E+00            55.08925
      119         0.200000E+00        0.155358E+00            22.32118
      120         0.500000E+01        0.899341E+00            82.01318
      121         0.200000E+01        0.838960E+00            58.05201
      122         0.200000E+00        0.122802E+00            38.59882
      123         0.500000E+01        0.957148E+00            80.85705
      124         0.200000E+01        0.858426E+00            57.07868
      125         0.200000E+00        0.123983E+00            38.00841
      126         0.500000E+01        0.964401E+00            80.71197
      127         0.200000E+01        0.858709E+00            57.06454
      128         0.200000E+00        0.115248E+00            42.37624
      129         0.500000E+01        0.101652E+01            79.66952
      130         0.200000E+01        0.919340E+00            54.03301
      131         0.200000E+00        0.155492E+00            22.25423
      132         0.500000E+01        0.860189E+00            82.79621
      133         0.200000E+01        0.898824E+00            55.05881
      134         0.200000E+00        0.175428E+00            12.28616
      135         0.500000E+01        0.497020E-01            99.00596
      136         0.200000E+01        0.765405E+00            61.72974
      137         0.200000E+00        0.898923E-01            55.05384
      138         0.500000E+01        0.827921E+00            83.44157
      139         0.200000E+01        0.871416E+00            56.42919
      140         0.200000E+00        0.138876E+00            30.56218
      141         0.500000E+01        0.897559E+00            82.04883
      142         0.200000E+01        0.828216E+00            58.58919
      143         0.200000E+00        0.121619E+00            39.19032
      144         0.500000E+01        0.956702E+00            80.86595
      145         0.200000E+01        0.855230E+00            57.23849
      146         0.200000E+00        0.123848E+00            38.07617
      147         0.500000E+01        0.963498E+00            80.73003
      148         0.200000E+01        0.856518E+00            57.17408
      149         0.200000E+00        0.116357E+00            41.82170
      150         0.500000E+01        0.101615E+01            79.67692
      151         0.200000E+01        0.918044E+00            54.09778
      152         0.200000E+00        0.155358E+00            22.32075
      153         0.500000E+01        0.860065E+00            82.79869
      154         0.200000E+01        0.897654E+00            55.11729
      155         0.200000E+00        0.153040E+00            23.48010
      156         0.500000E+01        0.493446E-01            99.01311
      157         0.200000E+01        0.763688E+00            61.81558
      158         0.200000E+00        0.890346E-01            55.48268
      159         0.500000E+01        0.472986E-01            99.05403
      160         0.200000E+01        0.803586E+00            59.82070
      161         0.200000E+00        0.780872E-01            60.95639
      162         0.500000E+01        0.828345E+00            83.43310
      163         0.200000E+01        0.883140E+00            55.84300
      164         0.200000E+00        0.138271E+00            30.86427
      165         0.500000E+01        0.899807E+00            82.00386
      166         0.200000E+01        0.832938E+00            58.35312
      167         0.200000E+00        0.120925E+00            39.53732
      168         0.500000E+01        0.957665E+00            80.84670
      169         0.200000E+01        0.857005E+00            57.14976
      170         0.200000E+00        0.123931E+00            38.03446
      171         0.500000E+01        0.964485E+00            80.71029
      172         0.200000E+01        0.859368E+00            57.03162
      173         0.200000E+00        0.116065E+00            41.96729
      174         0.500000E+01        0.101650E+01            79.66991
      175         0.200000E+01        0.926431E+00            53.67846
      176         0.200000E+00        0.155328E+00            22.33588
      177         0.500000E+01        0.860091E+00            82.79819
      178         0.200000E+01        0.922628E+00            53.86862
      179         0.200000E+00        0.152341E+00            23.82942
      180         0.500000E+01        0.471265E-01            99.05747
      181         0.200000E+01        0.842582E+00            57.87089
      182         0.200000E+00        0.791134E-01            60.44332
      183         0.500000E+01        0.700943E+00            85.98113
      184         0.200000E+01        0.870423E+00            56.47884
      185         0.200000E+00        0.152195E+00            23.90267
      186         0.500000E+01        0.488658E-01            99.02268
      187         0.200000E+01        0.739162E+00            63.04190
      188         0.200000E+00        0.812411E-01            59.37943
      189         0.500000E+01        0.777891E+00            84.44217
      190         0.200000E+01        0.769615E+00            61.51927
      191         0.200000E+00        0.111704E+00            44.14787
      192         0.500000E+01        0.961948E+00            80.76105
      193         0.200000E+01        0.854242E+00            57.28789
      194         0.200000E+00        0.123538E+00            38.23087
      195         0.500000E+01        0.109404E+01            78.11927
      196         0.200000E+01        0.903178E+00            54.84112
      197         0.200000E+00        0.121449E+00            39.27536
      198         0.500000E+01        0.139869E+01            72.02616
      199         0.200000E+01        0.103809E+01            48.09538
      200         0.200000E+00        0.156235E+00            21.88259
      201         0.500000E+01        0.166442E+01            66.71166
      202         0.200000E+01        0.122053E+01            38.97363
      203         0.200000E+00        0.186942E+00             6.52922
